1600
967
1655
1587
1730
1073
1007
1480
1217
1243
1382
1362
896
1335
1899
1209
1425
1477
958
1518
1186
1231
1619
1293
1044
1712
1259
1786
1431
1770
1571
1509
927
1567
1357
1344
1584
1519
1019
960
1675
1286
1260
950
1905
989
1310
1850
1222
1406
1087
940
1242
1104
1522
1306
1093
982
1609
943
957
1465
1526
1089
1564
1670
1221
1171
1677
1658
1614
1718
1620
995
1611
1037
1191
1384
1469
1621
1681
862
1322
1397
1492
1013
1664
1805
1273
1092
939
1241
1654
1252
1546
1012
1754
1290
898
1546
1400
1331
1749
1124
1209
1081
1250
1070
1567
1776
1351
1729
1485
1589
959
1147
1642
1397
1497
1055
1407
1691
1217
1791
1170
1826
1491
1816
1690
1395
1629
1174
1362
1539
1429
1189
1382
995
1048
1098
1345
929
1733
1349
1328
1657
1476
1379
1865
1244
1047
1609
1109
1581
1548
1332
1651
1453
1073
1816
1761
1594
1184
1816
1673
1630
1199
951
1044
1861
1165
1155
1181
1387
1966
1257
1568
1782
1811
1716
1228
1104
1642
1124
1631
977
1728
1532
1693
1293
1710
1425
1828
1385
1526
1375
1489
1343
1326
1733
1171
1490
1658
1297
1092
1345
1038
1172
1645
1255
1136
1206
1077
1271
1217
1616
1553
933
1198
1795
899
1461
1501
1550
1775
1590
1691
1803
1470
1309
1193
1640
1190
1396
954
1089
1745
1764
1519
1552
1674
1071
1212
1326
1453
1601
946
1489
1167
1255
1184
1049
1074
1282
1322
944
1766
1256
1609
1696
1618
1281
1350
1298
1123
1446
1789
1052
1645
989
1093
903
1168
1314
1274
1493
1606
1255
1403
1442
1479
1722
1478
1271
1429
952
1838
1113
1530
1390
971
1332
1794
1374
1391
1830
1637
1318
1108
1563
1487
1389
1681
1518
1718
992
1073
1021
1458
1740
1753
1120
1658
1774
1460
1040
1598
994
1642
1305
1563
1968
1521
1238
1587
1193
1716
1433
1331
1773
1070
1392
1771
1411
1646
1192
1075
1339
1559
1071
1044
1687
1266
1628
1310
1516
998
1504
1058
1245
1386
1187
1163
1367
1445
932
1581
1367
1138
1160
1045
1697
1342
1583
1213
