1964
3344
2266
3450
3062
3117
1881
3592
2612
3018
2840
2005
2061
3732
3654
3476
2276
3057
3094
1952
2600
2054
3791
2626
2985
3243
3162
3481
2565
2280
2243
3779
3812
3522
3050
1924
3080
2019
2741
2624
2885
2317
2130
2498
2587
1988
3392
3591
3582
2985
3141
3620
2713
2310
3784
2416
2749
2284
3145
3128
3411
3021
1926
3092
2738
3740
2438
2592
2447
2338
2774
2971
2225
2754
2913
3476
3717
3584
1985
1873
3637
3044
2232
2685
2763
2940
1807
3108
3182
2589
2911
3501
2634
2644
2332
2973
2950
2889
2502
2604
2503
2761
3595
2129
2058
2048
2695
2393
2704
2645
2350
3556
3643
2942
3479
1930
2961
1914
3207
2220
2697
2462
2911
3684
1921
2631
1921
1850
2792
3076
2951
3007
2537
3102
3622
2270
2035
3338
2476
1948
3646
3292
2869
2371
3212
3017
2139
2455
3243
3476
3066
3413
3581
3629
3631
2894
2294
3367
2035
2882
2495
2772
3094
2868
1798
3031
3429
1933
3748
2703
2714
2622
3350
2249
3161
2572
2253
2103
1926
2297
2104
3436
3175
3804
2309
2525
2071
1950
2204
2188
2822
3580
2398
3494
3642
3661
3294
2968
2499
2127
3330
2378
2877
2212
3407
3185
3000
1991
3215
2647
2209
2981
3417
2371
2483
1987
3179
2500
2758
2373
3002
2547
3350
2183
3776
2104
2647
2146
1982
1907
2670
3656
3434
2706
3013
2700
1879
2555
2631
3217
2332
3013
3476
3029
1970
2812
3443
3755
2587
3370
2109
2860
2528
2810
2016
3335
2509
2446
1731
2233
2321
2864
1930
3325
2333
3084
3195
2991
2006
3176
2928
2017
2344
3744
3822
2887
1979
2234
3447
2866
2071
3248
3210
3652
3344
2414
3445
2927
2360
2600
1866
3172
2180
3306
2657
3192
2643
3207
2695
3010
3046
3634
2222
1900
3185
2347
1844
2257
2159
2124
3225
3885
1897
2014
3280
2346
3512
2356
3337
2716
3819
2713
2079
1715
2026
2061
2106
3189
3367
2905
2006
2349
2669
3694
2360
2134
2496
3040
2828
2816
2477
2899
3203
2011
1893
2148
2399
3325
2924
3400
2687
3528
2467
3646
3310
2850
2039
1756
3586
2446
3001
2142
3014
2248
1790
3271
2344
3142
3612
3313
2810
3296
3489
3430
2229
3065
2812
2114
2362
3598
2153
3217
3247
2406
2506
3030
2345
2081
3199
2619
2658
3697
1905
2553
2001
3573
2740
1958
3412
3473
3101
3556
2470
3268
2847
3012
3074
3536
3527
2248
3143
3639
3473
2975
2672
3515
2131
2846
1961
1931
2283
2192
2566
3430
2842
2164
2505
3510
3539
2857
2154
3099
3695
2266
3226
2151
1943
3492
2189
1904
2667
2767
3368
3477
3515
3011
3344
2654
3721
3098
2206
3260
2401
2215
2166
3147
2233
3675
2477
2744
3499
1984
2261
3287
3554
2682
3235
2314
3447
3149
3452
2443
3451
3438
2207
3161
2597
2255
2727
3078
3616
2393
3826
1943
2693
2892
3608
1932
2025
3314
2683
3255
3491
2822
3487
2296
3681
3046
2156
3246
3166
2676
1901
3621
2929
2962
3314
2357
2051
2820
2379
3509
2677
3420
2079
2489
3447
2295
2792
2176
3124
3198
2891
2393
3478
2734
2772
3204
3497
2997
2653
3358
1935
2616
2313
3024
3026
3159
1968
3217
2500
3384
2924
2626
2863
2266
2770
2528
2712
2856
2953
3688
2226
2038
3119
3828
2661
3462
3109
2325
2573
2952
1920
3450
2587
3508
3502
2773
2788
2540
2159
2231
1747
2227
3151
1956
2433
3124
3349
2641
2172
3638
2092
2062
2006
3696
2678
1922
2020
3674
3535
3170
3182
3017
3132
2362
1922
2496
2259
1925
2881
1980
2037
1927
3617
3092
3236
2828
2571
2943
3125
2148
2538
1960
3141
2711
3137
1877
2287
3792
3131
3028
2907
2449
2145
2335
3497
3355
2547
3712
1936
3114
3020
2162
2123
3477
2000
3586
3382
3533
2986
3610
2207
3717
3071
3596
1944
3555
2964
3472
2903
2722
2554
3362
1958
2576
2498
2596
3059
2934
2112
2093
3755
2214
2575
2734
2799
2999
1892
3292
1914
2904
3143
3710
2258
2466
2184
2595
2012
3189
2170
2254
2330
2767
3111
2819
2333
1912
2641
3306
3439
3046
2052
3530
2505
2026
3831
3574
2501
3212
3102
2855
3538
3096
3641
2310
3297
3012
3183
3326
2039
2448
2876
3120
3657
2795
2412
3222
3108
2109
3321
2067
3653
2225
3625
2118
3541
2014
2185
2088
