3844
6547
6605
5639
5063
5856
5907
5814
6963
6474
4948
5493
4887
4244
6909
7206
6746
7387
4861
3892
4302
5341
6347
6280
6728
7078
6587
5322
4304
6361
5447
6632
5878
6509
6141
4046
5820
6859
3744
5306
4942
3836
6312
6671
5884
7387
7255
4449
6199
4380
5117
4136
7115
4771
4168
7200
6510
5028
6939
5546
3792
4020
5534
6612
5542
4761
6865
5531
7047
7200
5305
4677
6489
4059
7450
5934
4112
6217
4346
5263
4267
3875
6602
7134
4080
5940
6247
4715
4812
6379
6392
5440
4023
3921
6684
5267
6786
4680
4681
4706
6701
4146
4500
5895
5834
6632
3886
5530
5605
5139
7343
7108
7013
5719
4821
5212
4884
6741
5110
3815
6621
4108
3706
3977
7403
4424
5093
5686
3995
6367
5379
5656
3997
5919
5975
6325
4720
5855
4616
7381
6160
3819
4415
5510
6872
4527
4328
5895
4228
5413
7572
6986
7277
7051
4049
5207
3743
3874
5268
5701
4202
6973
6570
4916
4565
4564
4205
7336
4182
5798
6987
5981
4341
6160
5681
7113
6600
6274
5637
5294
5904
4776
5826
6030
5619
5803
6823
4985
6020
3992
7107
7281
4381
6368
4071
3891
6643
4603
3846
7387
6373
5956
6214
7325
7138
6241
6522
6034
6351
5915
4381
5412
4361
7085
6891
3762
6150
5637
6721
5076
4595
4323
6748
6428
4685
5305
6053
6102
5532
6036
4789
4438
6111
4381
5444
6185
5178
4328
4402
4246
4727
5680
7179
7300
5911
6502
6608
4102
6574
4730
4382
3953
5077
6438
4533
4141
5531
6828
4049
3843
5452
5214
5845
6709
4978
4113
3993
7076
6434
6106
6981
6350
7034
4917
5356
3773
7056
5520
6765
4384
7013
4609
6723
6054
5926
6076
6157
5526
5370
4867
7401
5924
5223
5292
4065
6079
7181
4948
5310
4906
4656
6057
5576
5342
4910
6543
7316
6185
4966
6206
7275
6209
4063
4618
4850
5976
5425
6434
5806
5028
4589
6681
6698
5937
5952
3776
6866
6754
7438
5632
5492
6674
6319
5181
5784
4592
4454
6916
6819
4846
6634
6849
5116
5061
4245
6291
5873
7170
6358
7253
6120
7129
5901
6106
6236
7388
7482
6916
7450
5700
6763
7014
4265
4392
7247
