14589
13399
12185
12968
14787
11956
11513
12863
12416
11345
13283
13324
14531
11941
11133
14433
13231
11374
14134
14211
14327
12730
11817
11716
11361
13089
13551
11536
14321
12322
13487
13540
12852
13566
11828
14762
12516
14850
11593
13652
11246
11586
11384
12953
11480
14734
13873
12567
12575
13923
13270
11784
15020
14246
13766
13300
12414
13877
11655
11801
13155
12061
12715
11447
13503
12218
13745
14614
15073
14002
13642
11611
14457
12520
14562
12177
11749
12107
13706
12702
11872
13525
14013
11342
13641
14653
13880
12712
14218
12108
14113
13161
14235
13664
11768
13615
12081
14361
14001
11295
13537
14866
12632
11818
12291
13538
14446
12388
12074
12305
11847
11378
12120
11462
11791
12362
11518
13479
14373
12414
14195
13154
12307
13205
13225
14990
12112
12649
14814
12399
14079
12208
12783
13159
13368
12086
12692
12542
12097
12893
13777
13224
13117
12433
13565
11301
14221
12791
13244
11005
13197
12700
12949
12031
13077
11370
12324
12811
13901
11820
14123
13449
13500
12747
12669
14007
13001
12311
14054
12207
14873
14791
12471
11419
13224
13773
14828
13651
11638
13527
11614
11983
14151
13578
13103
13831
11677
12914
11788
11136
12258
13161
14878
12847
14901
14320
14313
14439
12819
13660
11449
13980
14151
11652
14505
13053
13223
12626
11453
13037
14663
14854
14374
13739
12282
11925
12584
12738
12761
14362
11891
14531
13812
12405
14169
12220
14089
12072
12461
12747
12582
11621
14019
14782
12651
11529
12091
11734
12366
13767
13072
14501
12417
14522
14264
12948
14118
11651
11857
12506
11980
14006
14678
12322
11481
13458
12993
14918
12943
12110
11315
11450
12289
14431
11990
12248
12865
11444
11430
13315
11355
12139
12003
11725
14471
14070
13042
11941
11342
11418
15127
12579
12986
12371
12577
13546
12715
12439
12133
14607
11770
11231
11196
12244
13138
11564
12820
12618
11876
13879
12580
11873
13039
14435
11178
11468
12906
12699
14079
14653
14391
14811
12923
12814
14756
12643
14237
11989
11547
12923
11475
14670
12896
12538
13140
13893
14543
11864
11369
13767
13586
12888
14000
12124
13037
11858
14834
12052
14825
11907
14810
11871
12318
14983
13897
12989
14346
14086
14977
12464
14519
12197
11553
12278
14614
11799
12896
12712
15080
15029
12175
12878
13341
13720
12509
12502
13849
14688
11342
14308
14405
13337
14058
12161
12704
11797
11587
13925
13497
11169
13000
13399
11346
13930
11982
14237
11026
12683
12380
14526
12377
14074
11690
13302
11407
14344
14881
12896
12329
11647
13097
13147
13659
13368
12902
11608
13054
11951
13126
14095
13000
12035
12621
11459
14717
14487
14114
12950
13852
14322
13074
13033
12062
12663
14351
14051
14492
14680
14160
11126
13435
13664
14668
12206
14339
12674
14168
11594
11583
12586
14318
13066
13431
11283
11949
11868
14398
14876
14794
13292
12907
12791
14155
14195
14532
12904
13230
12071
13541
13538
12022
13568
12236
12959
13113
14404
11926
11801
12222
14878
11352
11389
12515
13626
13302
14708
14540
13781
11343
14245
14905
11728
11395
14110
12924
14052
11362
13293
13475
11996
14600
14395
11936
13797
13161
12793
13479
15005
11893
13367
11127
13746
14041
14756
12878
13898
11904
14809
12180
12032
13502
13646
14518
12294
13264
13343
12488
13638
13910
12118
12037
13045
12249
11645
11829
11278
13589
13530
13888
12229
11637
13852
12850
11676
13075
14071
11387
11694
14528
11646
13550
11480
12499
12096
11750
12040
13709
13896
12033
11429
12533
11433
13884
12698
13519
11990
11283
13155
13154
13678
12087
14152
13358
14024
12030
12372
12765
12838
13704
12269
12802
11655
11718
12514
11520
14032
11718
14311
12437
12391
12923
13534
14499
11848
11319
11489
12187
14344
11756
11448
12087
11968
14516
12876
14359
11983
13286
13944
14320
14493
11651
14039
13645
13579
12418
11514
12967
12795
12585
13641
13825
12041
13623
13831
12541
14760
12201
14437
13429
14782
12879
13289
14413
13928
14871
12769
12517
13859
14301
12728
13466
12493
14003
14736
13941
13929
12338
11976
13205
11944
14967
11575
14032
12878
11796
14312
14316
12580
11495
12109
12582
12041
14441
12668
12837
13494
12091
14657
11288
14656
12968
14450
13665
14162
12268
11478
13939
13142
11306
11477
14854
12364
13641
14268
14294
11991
11210
13818
12666
12114
14799
13706
11301
11969
12818
13351
13400
12491
11845
12846
11862
12637
14004
14930
12988
13323
14828
14710
14233
12936
12047
14238
11651
11951
12162
12998
11666
14868
13013
13186
13109
11996
12373
12575
12265
12148
13668
12824
14852
13311
14947
12313
13302
12197
11106
11686
13071
14485
12858
11755
