3537
4038
4089
3396
3990
4218
4125
3774
3762
3363
3975
3795
4074
3600
4023
3591
3507
3483
4164
3534
3606
3861
3924
3633
3747
3675
3471
4161
4029
3561
3351
4302
4233
3567
4230
3861
3984
3408
3894
3363
4203
4236
3582
4200
4191
3924
3984
4137
3384
3798
3729
3477
3579
3996
3291
3723
3771
4056
4158
3603
3678
4020
3906
3684
3858
3375
4053
3381
3495
3723
3852
4014
4176
3684
3840
3585
3747
3381
3870
3657
3774
4176
3438
3519
3633
4065
3783
3594
3876
3594
3771
3279
3783
3945
4077
3693
3672
3726
3906
3981
3513
4143
3750
3927
3945
3501
4059
3972
3570
3528
3591
3891
4149
3639
3849
3996
3675
4284
3618
4071
3549
3633
3981
3534
3690
3696
3798
3846
3468
3537
4104
3753
3384
3441
3852
3585
3888
3681
3807
4149
3813
4239
3936
3762
3936
4299
3966
4296
3960
3900
3975
4011
3447
4257
3687
3885
4023
3681
3636
4152
3366
3597
3792
3861
4149
3537
3837
3729
3897
3327
3378
4026
3615
3981
3555
3531
3495
3408
3672
3510
3477
4116
3876
3414
4254
3516
3891
3756
3966
3429
3825
3552
3324
3543
3720
3555
3756
3528
4227
3663
3855
3849
3513
3636
3834
3837
3705
3921
3639
3489
4242
3810
4050
3846
3891
4200
3678
4005
3366
4194
3639
4179
4113
3807
3819
3888
4059
3876
3426
3738
3831
3801
3807
4101
3621
3894
3708
3639
3321
3447
4062
4179
3453
3870
3381
4071
4131
4029
4125
3741
3732
3933
3666
4212
3786
3579
3768
3984
3705
3708
4110
3882
3807
3540
3768
3591
3945
3738
3537
4245
3468
3555
3759
4128
3651
4056
4122
4149
3666
3828
4122
4092
3546
4173
3594
3963
3951
3714
3876
3702
3450
4050
3594
3537
4068
3948
3984
3945
3894
3468
3642
3783
3687
3984
3972
3612
3459
3687
3612
3615
3513
4380
3663
4113
3477
4008
3852
4050
3489
3930
3285
3894
3735
3627
3849
4230
3633
4305
3993
4137
3867
3711
3702
3693
4014
4194
4134
3816
4146
3489
3477
3687
3525
3591
3807
3798
3924
3495
3843
3354
3855
3501
4191
3630
3483
3447
3636
4071
4218
4173
3960
3795
3756
4155
3663
