4473
4011
4008
3726
4914
4206
5022
3426
4368
3774
4728
3768
4224
5190
3444
4599
4302
3642
4374
4572
3960
3939
4980
3594
3987
4368
3780
4701
4578
4962
4437
4986
3450
4419
5172
3723
3984
4698
4197
4083
3807
3441
4788
3789
4923
4497
4029
4047
4683
3744
3801
4542
3912
3927
4491
4137
4908
3633
4017
4851
3804
4314
3834
3570
3717
4611
4335
5175
3756
5073
4602
3777
3399
4995
3900
4542
3558
3915
4827
4929
4881
3861
5049
4272
3477
3711
3870
4188
4674
4974
3693
4407
4782
3957
5022
4176
4044
4047
4227
4098
4074
3471
3564
3474
3627
4770
3465
4143
3708
3750
4854
3519
4170
3963
4800
3981
4623
4071
3729
4902
4347
4854
3864
4728
4527
4611
3624
3984
4125
5070
4974
4434
4614
4152
3639
4410
5157
4416
3654
4107
3804
4014
3762
4140
3648
3900
4440
4845
4533
4092
4086
4449
3477
4032
4755
5031
4182
4104
4614
3711
3648
4974
4788
3828
3825
4917
3951
3390
3675
4596
4119
4281
4371
4188
4920
5022
4041
4431
4695
3786
4299
4302
3591
3753
5112
4872
3510
3573
3660
4209
3480
4764
5124
4590
3981
4206
4701
4470
3681
3480
3822
4305
4809
3645
3765
4182
4782
3756
4107
4068
3747
3480
3417
3936
4281
3993
3987
3558
3780
4014
4503
4524
4053
4917
3810
4173
4746
3630
3675
3459
3828
4020
3399
4551
4992
4341
3882
5064
4728
4239
4089
4032
4056
3600
4008
4227
4413
4140
3897
4857
3459
4374
4380
4287
4425
3495
3726
3678
4548
3642
5058
4404
5007
4917
3786
4608
3636
4473
3903
4869
4674
3999
4812
5031
4497
4992
4191
4029
3930
4806
3387
4497
4695
4566
4596
3921
3870
4203
3594
3909
4209
3459
3702
3990
4236
3612
3372
4605
4578
4014
4725
4404
4803
4098
3858
3465
3666
4002
4239
3969
3729
4380
3783
4305
3759
3489
3918
3735
3579
3588
3735
4842
4533
3753
4167
4968
3690
3630
3468
4881
3753
4347
4473
4044
3732
4065
4113
3756
4299
4197
4818
4125
3414
3486
4659
4059
3981
3681
4041
4737
4128
4716
3579
3804
4326
4128
3900
3897
3447
4503
4764
4782
5004
3612
4200
4770
4929
4116
4227
4386
3474
3339
4614
5031
4275
3921
4146
3423
4908
4236
4593
4071
4842
4281
3756
3870
4317
4896
3639
3684
4944
4074
4800
3387
3567
4404
4539
5121
4521
4188
3693
4734
4803
4632
4992
4326
3507
4752
4719
4419
4992
3690
3921
3543
3606
4977
4173
3459
4410
4347
3849
4416
4611
4710
4680
4740
3555
3684
4899
4236
3738
3924
4092
4563
3984
3474
3915
3762
4008
3780
4662
3420
3393
3981
3999
4821
4677
3750
4386
3426
4032
3855
4158
3477
3468
5064
4545
3666
4263
4644
3387
3279
5016
4668
4746
4668
4167
4083
4206
4581
3387
4347
3543
4275
4830
4473
3543
3702
4350
3546
3408
4758
4809
3855
4656
4056
4050
4350
3657
4221
3900
3396
3696
3540
4431
4926
4554
4524
4617
3708
4935
4893
3789
3912
5079
5046
4224
4314
4458
4848
3408
3969
5076
4686
3930
3993
4281
4695
4941
3351
4872
3852
5043
4071
4401
4350
5103
4854
4716
4698
4440
4320
4404
3390
4179
4422
4932
4062
3570
4452
4263
5037
4011
5148
3510
3609
4785
3759
3579
3630
3543
3618
3495
5064
4437
5076
4179
4956
4422
4377
4419
4551
3756
4782
3342
4350
4836
3399
3420
4413
4650
4668
3765
4596
3600
3684
4875
4884
3747
4440
4569
3387
4260
3702
4437
4599
4776
3834
4533
4140
4722
3849
5025
4647
4692
4131
4971
3585
4392
5037
3810
4584
5076
3813
3393
3924
4488
4650
4485
4188
4347
4650
3774
3642
4542
4971
4851
5037
4620
4776
4986
4326
4497
4938
4605
5076
4392
4203
3375
4842
4317
3513
3495
3642
4011
4677
4248
4095
3357
4299
5061
4593
4236
3759
4629
4401
4092
3603
4896
4662
4767
4800
3966
3915
4812
3741
4269
3936
3897
4842
4314
4083
3399
3798
3405
3720
3792
4578
4449
4026
4818
4893
3810
4953
4200
4851
4683
3348
4266
3750
4890
3375
5022
3750
4728
3930
4830
3879
4779
4728
3432
4965
4713
3615
5148
3501
5007
4362
3645
5310
4803
4851
4869
3810
3684
3423
3684
4692
4971
3411
4266
3882
4947
3786
4713
3540
4728
4269
3708
3711
4377
4218
4161
5241
3912
4065
3867
3441
4185
4077
